#TEXT/SIMPLE
# elo ehi spectrum
5.0000000000000e-01 5.1000000000000e-01 5.0086786419109e-07
5.1000000000000e-01 5.2000000000000e-01 5.4024120216567e-07
5.2000000000000e-01 5.3000000000000e-01 5.7833103702721e-07
5.3000000000000e-01 5.4000000000000e-01 3.2318671392490e-07
5.4000000000000e-01 5.5000000000000e-01 1.8376501630886e-07
5.5000000000000e-01 5.6000000000000e-01 2.0219436097207e-07
5.6000000000000e-01 5.7000000000000e-01 2.2090766373899e-07
5.7000000000000e-01 5.8000000000000e-01 2.3978230232432e-07
5.8000000000000e-01 5.9000000000000e-01 2.5840365388956e-07
5.9000000000000e-01 6.0000000000000e-01 2.7692591101510e-07
6.0000000000000e-01 6.1000000000000e-01 2.9558892430322e-07
6.1000000000000e-01 6.2000000000000e-01 3.1399036109569e-07
6.2000000000000e-01 6.3000000000000e-01 3.3204491194018e-07
6.3000000000000e-01 6.4000000000000e-01 3.4967646205671e-07
6.4000000000000e-01 6.5000000000000e-01 3.6681797521293e-07
6.5000000000000e-01 6.6000000000000e-01 3.8341199098454e-07
6.6000000000000e-01 6.7000000000000e-01 3.9940948058310e-07
6.7000000000000e-01 6.8000000000000e-01 4.1477036168175e-07
6.8000000000000e-01 6.9000000000000e-01 4.2946202157631e-07
6.9000000000000e-01 7.0000000000000e-01 4.4345965588617e-07
7.0000000000000e-01 7.1000000000000e-01 4.5668968012157e-07
7.1000000000000e-01 7.2000000000000e-01 4.6919353519990e-07
7.2000000000000e-01 7.3000000000000e-01 4.4046683319343e-07
7.3000000000000e-01 7.4000000000000e-01 4.1354584374048e-07
7.4000000000000e-01 7.5000000000000e-01 4.2410377452497e-07
7.5000000000000e-01 7.6000000000000e-01 4.3409125304021e-07
7.6000000000000e-01 7.7000000000000e-01 4.4350606249282e-07
7.7000000000000e-01 7.8000000000000e-01 4.5234982208004e-07
7.8000000000000e-01 7.9000000000000e-01 4.6062621704555e-07
7.9000000000000e-01 8.0000000000000e-01 4.6827387671179e-07
8.0000000000000e-01 8.1000000000000e-01 4.7536915569667e-07
8.1000000000000e-01 8.2000000000000e-01 4.8199271135347e-07
8.2000000000000e-01 8.3000000000000e-01 4.8808678945459e-07
8.3000000000000e-01 8.4000000000000e-01 4.9366468736974e-07
8.4000000000000e-01 8.5000000000000e-01 4.9874097695185e-07
8.5000000000000e-01 8.6000000000000e-01 4.9803592739940e-07
8.6000000000000e-01 8.7000000000000e-01 4.9691719372230e-07
8.7000000000000e-01 8.8000000000000e-01 4.7292216772845e-07
8.8000000000000e-01 8.9000000000000e-01 4.5024275410867e-07
8.9000000000000e-01 9.0000000000000e-01 4.5397742333561e-07
9.0000000000000e-01 9.1000000000000e-01 4.5734444000251e-07
9.1000000000000e-01 9.2000000000000e-01 4.6035551851863e-07
9.2000000000000e-01 9.3000000000000e-01 4.6302320340122e-07
9.3000000000000e-01 9.4000000000000e-01 4.6535193432264e-07
9.4000000000000e-01 9.5000000000000e-01 4.6736241670484e-07
9.5000000000000e-01 9.6000000000000e-01 4.6907557982794e-07
9.6000000000000e-01 9.7000000000000e-01 4.7049565048606e-07
9.7000000000000e-01 9.8000000000000e-01 4.7163519000806e-07
9.8000000000000e-01 9.9000000000000e-01 4.7250657320083e-07
9.9000000000000e-01 1.0 4.7312192197554e-07
1.0 1.010000000000 4.7349319703788e-07
1.010000000000 1.020000000000 4.7363195631688e-07
1.020000000000 1.030000000000 4.7338700961086e-07
1.030000000000 1.040000000000 4.7293489881540e-07
1.040000000000 1.050000000000 4.7244882302119e-07
1.050000000000 1.060000000000 4.7177430067300e-07
1.060000000000 1.070000000000 4.7092161691779e-07
1.070000000000 1.080000000000 4.6955959785219e-07
1.080000000000 1.090000000000 4.6804635317630e-07
1.090000000000 1.100000000000 4.6672984313646e-07
1.100000000000 1.110000000000 4.6527257664595e-07
1.110000000000 1.120000000000 4.6368285352804e-07
1.120000000000 1.130000000000 4.6196881430210e-07
1.130000000000 1.140000000000 4.6013844195511e-07
1.140000000000 1.150000000000 4.5819909792613e-07
1.150000000000 1.160000000000 4.5615802121243e-07
1.160000000000 1.170000000000 4.5402210331143e-07
1.170000000000 1.180000000000 4.5179790716067e-07
1.180000000000 1.190000000000 4.4949168491218e-07
1.190000000000 1.200000000000 4.4710952331986e-07
1.200000000000 1.210000000000 4.4465709585289e-07
1.210000000000 1.220000000000 4.4213985414307e-07
1.220000000000 1.230000000000 4.3956299767061e-07
1.230000000000 1.240000000000 4.3693144669071e-07
1.240000000000 1.250000000000 4.3424993701339e-07
1.250000000000 1.260000000000 4.3152291143542e-07
1.260000000000 1.270000000000 4.2875465197945e-07
1.270000000000 1.280000000000 4.2594913571573e-07
1.280000000000 1.290000000000 4.2311016478527e-07
1.290000000000 1.300000000000 4.2024141187304e-07
1.300000000000 1.310000000000 4.1734631721696e-07
1.310000000000 1.320000000000 4.0966141117959e-07
1.320000000000 1.330000000000 4.0215894174708e-07
1.330000000000 1.340000000000 3.9942868952098e-07
1.340000000000 1.350000000000 3.9667859713079e-07
1.350000000000 1.360000000000 3.9391134666384e-07
1.360000000000 1.370000000000 3.9112951310921e-07
1.370000000000 1.380000000000 3.8833550399053e-07
1.380000000000 1.390000000000 3.8553153646981e-07
1.390000000000 1.400000000000 3.8271974383929e-07
1.400000000000 1.410000000000 3.7990217944206e-07
1.410000000000 1.420000000000 3.7708078949697e-07
1.420000000000 1.430000000000 3.7425732724122e-07
1.430000000000 1.440000000000 3.7143345487656e-07
1.440000000000 1.450000000000 3.6861083767629e-07
1.450000000000 1.460000000000 3.6579096696553e-07
1.460000000000 1.470000000000 3.6297525753199e-07
1.470000000000 1.480000000000 3.6016505206723e-07
1.480000000000 1.490000000000 3.5736159729149e-07
1.490000000000 1.500000000000 3.5456607776323e-07
1.500000000000 1.510000000000 3.5177964735223e-07
1.510000000000 1.520000000000 3.4900326875060e-07
1.520000000000 1.530000000000 3.4623799362847e-07
1.530000000000 1.540000000000 3.4348479922076e-07
1.540000000000 1.550000000000 3.4074446312233e-07
1.550000000000 1.560000000000 3.3801791203879e-07
1.560000000000 1.570000000000 3.3505672791238e-07
1.570000000000 1.580000000000 3.3211838692465e-07
1.580000000000 1.590000000000 3.2944831565872e-07
1.590000000000 1.600000000000 3.2679467437595e-07
1.600000000000 1.610000000000 3.2415803775090e-07
1.610000000000 1.620000000000 3.2153913847385e-07
1.620000000000 1.630000000000 3.1893848087050e-07
1.630000000000 1.640000000000 3.1635673242146e-07
1.640000000000 1.650000000000 3.1379446172939e-07
1.650000000000 1.660000000000 3.1125226247712e-07
1.660000000000 1.670000000000 3.0873068629791e-07
1.670000000000 1.680000000000 3.0623031549224e-07
1.680000000000 1.690000000000 3.0375174505713e-07
1.690000000000 1.700000000000 3.0129553796022e-07
1.700000000000 1.710000000000 2.9886227730944e-07
1.710000000000 1.720000000000 2.9645260864004e-07
1.720000000000 1.730000000000 2.9406711643683e-07
1.730000000000 1.740000000000 2.9170645360859e-07
1.740000000000 1.750000000000 2.8937128322898e-07
1.750000000000 1.760000000000 2.8706229707530e-07
1.760000000000 1.770000000000 2.8478020372463e-07
1.770000000000 1.780000000000 2.8252574498589e-07
1.780000000000 1.790000000000 2.8029968241667e-07
1.790000000000 1.800000000000 2.7810287867749e-07
1.800000000000 1.810000000000 2.7593611631292e-07
1.810000000000 1.820000000000 2.7380030024368e-07
1.820000000000 1.830000000000 2.7169635924795e-07
1.830000000000 1.840000000000 2.6962525050266e-07
1.840000000000 1.850000000000 2.6525456448803e-07
1.850000000000 1.860000000000 2.6103204678840e-07
1.860000000000 1.870000000000 2.5905570088381e-07
1.870000000000 1.880000000000 2.5710722961533e-07
1.880000000000 1.890000000000 2.5518736985936e-07
1.890000000000 1.900000000000 2.5329689309146e-07
1.900000000000 1.910000000000 2.5143661086341e-07
1.910000000000 1.920000000000 2.4960737377506e-07
1.920000000000 1.930000000000 2.4781008104085e-07
1.930000000000 1.940000000000 2.4604561919316e-07
1.940000000000 1.950000000000 2.4431493400968e-07
1.950000000000 1.960000000000 2.4261902907177e-07
1.960000000000 1.970000000000 2.4095889239676e-07
1.970000000000 1.980000000000 2.3933555314496e-07
1.980000000000 1.990000000000 2.3775012192534e-07
1.990000000000 2.0 2.3620367809902e-07
2.0 2.010000000000 2.3469732953850e-07
2.010000000000 2.020000000000 2.3323227022812e-07
2.020000000000 2.030000000000 2.3180966280686e-07
2.030000000000 2.040000000000 2.3043072161274e-07
2.040000000000 2.050000000000 2.2909666111605e-07
2.050000000000 2.060000000000 2.2780872183553e-07
2.060000000000 2.070000000000 2.2656818324469e-07
2.070000000000 2.080000000000 2.2537631887332e-07
2.080000000000 2.090000000000 2.2423442476048e-07
2.090000000000 2.100000000000 2.2314381344962e-07
2.100000000000 2.110000000000 2.2210577113807e-07
2.110000000000 2.120000000000 2.2112166162400e-07
2.120000000000 2.130000000000 2.2019275810198e-07
2.130000000000 2.140000000000 2.1932044169928e-07
2.140000000000 2.150000000000 2.1850596917278e-07
2.150000000000 2.160000000000 2.1775072826154e-07
2.160000000000 2.170000000000 2.1705600679449e-07
2.170000000000 2.180000000000 2.1642309746547e-07
2.180000000000 2.190000000000 2.1585331974676e-07
2.190000000000 2.200000000000 2.1534793914098e-07
2.200000000000 2.210000000000 2.1490823951130e-07
2.210000000000 2.220000000000 2.1453546639282e-07
2.220000000000 2.230000000000 2.1423080086028e-07
2.230000000000 2.240000000000 2.1399554092209e-07
2.240000000000 2.250000000000 2.1383075435682e-07
2.250000000000 2.260000000000 2.1373769380160e-07
2.260000000000 2.270000000000 2.1371739371769e-07
2.270000000000 2.280000000000 2.1377097910228e-07
2.280000000000 2.290000000000 2.1389955150781e-07
2.290000000000 2.300000000000 2.1410409185484e-07
2.300000000000 2.310000000000 2.1438555239247e-07
2.310000000000 2.320000000000 2.1474492823681e-07
2.320000000000 2.330000000000 2.1518309711868e-07
2.330000000000 2.340000000000 2.1570093080987e-07
2.340000000000 2.350000000000 2.1629924110625e-07
2.350000000000 2.360000000000 2.1697880087348e-07
2.360000000000 2.370000000000 2.1774033151422e-07
2.370000000000 2.380000000000 2.1858451828800e-07
2.380000000000 2.390000000000 2.1951202140906e-07
2.390000000000 2.400000000000 2.2052339495447e-07
2.400000000000 2.410000000000 2.2161915839977e-07
2.410000000000 2.420000000000 2.2279978516824e-07
2.420000000000 2.430000000000 2.2406582263639e-07
2.430000000000 2.440000000000 2.2541754502095e-07
2.440000000000 2.450000000000 2.2685532326970e-07
2.450000000000 2.460000000000 2.2837944969361e-07
2.460000000000 2.470000000000 2.2999008786983e-07
2.470000000000 2.480000000000 2.2331836536703e-07
2.480000000000 2.490000000000 2.1709289054418e-07
2.490000000000 2.500000000000 2.1843994289447e-07
2.500000000000 2.510000000000 2.1986604930443e-07
2.510000000000 2.520000000000 2.2137154039259e-07
2.520000000000 2.530000000000 2.2295653947495e-07
2.530000000000 2.540000000000 2.2462113761773e-07
2.540000000000 2.550000000000 2.2636540976538e-07
2.550000000000 2.560000000000 2.2818949403903e-07
2.560000000000 2.570000000000 2.3009330716118e-07
2.570000000000 2.580000000000 2.3207685180131e-07
2.580000000000 2.590000000000 2.3413991105226e-07
2.590000000000 2.600000000000 2.3628254216875e-07
2.600000000000 2.610000000000 2.3850444078674e-07
2.610000000000 2.620000000000 2.4080537887110e-07
2.620000000000 2.630000000000 2.4318526318337e-07
2.630000000000 2.640000000000 2.4564360250813e-07
2.640000000000 2.650000000000 2.4818020948634e-07
2.650000000000 2.660000000000 2.5079468715830e-07
2.660000000000 2.670000000000 2.5348651769840e-07
2.670000000000 2.680000000000 2.5625533770883e-07
2.680000000000 2.690000000000 2.5910061370545e-07
2.690000000000 2.700000000000 2.6202191093011e-07
2.700000000000 2.710000000000 2.6501862072256e-07
2.710000000000 2.720000000000 2.6809002903781e-07
2.720000000000 2.730000000000 2.7123565751249e-07
2.730000000000 2.740000000000 2.7445486406287e-07
2.740000000000 2.750000000000 2.7774690363929e-07
2.750000000000 2.760000000000 2.8111116207253e-07
2.760000000000 2.770000000000 2.8454656664695e-07
2.770000000000 2.780000000000 2.8805281579344e-07
2.780000000000 2.790000000000 2.9162875493995e-07
2.790000000000 2.800000000000 2.9527367514820e-07
2.800000000000 2.810000000000 2.9898661686615e-07
2.810000000000 2.820000000000 3.0276698384118e-07
2.820000000000 2.830000000000 3.0624045261215e-07
2.830000000000 2.840000000000 3.0976336142554e-07
2.840000000000 2.850000000000 3.1372592896996e-07
2.850000000000 2.860000000000 3.1775204601792e-07
2.860000000000 2.870000000000 3.2184054468340e-07
2.870000000000 2.880000000000 3.2599062033659e-07
2.880000000000 2.890000000000 3.3020148867525e-07
2.890000000000 2.900000000000 3.3447157176095e-07
2.900000000000 2.910000000000 3.3880020394072e-07
2.910000000000 2.920000000000 3.4318634675373e-07
2.920000000000 2.930000000000 3.4762859341340e-07
2.930000000000 2.940000000000 3.5212629083139e-07
2.940000000000 2.950000000000 3.5667818524113e-07
2.950000000000 2.960000000000 3.6128315716306e-07
2.960000000000 2.970000000000 3.6594002131847e-07
2.970000000000 2.980000000000 3.7064765774442e-07
2.980000000000 2.990000000000 3.7540505616151e-07
2.990000000000 3.0 3.8021118481997e-07
3.0 3.010000000000 3.8506468088437e-07
3.010000000000 3.020000000000 3.8996433786665e-07
3.020000000000 3.030000000000 3.9490928525337e-07
3.030000000000 3.040000000000 3.9989822343637e-07
3.040000000000 3.050000000000 4.0492993247596e-07
3.050000000000 3.060000000000 4.1000323310880e-07
3.060000000000 3.070000000000 4.1511725080233e-07
3.070000000000 3.080000000000 4.2027048042227e-07
3.080000000000 3.090000000000 4.2546208999742e-07
3.090000000000 3.100000000000 4.3069069469392e-07
3.100000000000 3.110000000000 4.3595524962485e-07
3.110000000000 3.120000000000 4.4125457895560e-07
3.120000000000 3.130000000000 4.4658748628728e-07
3.130000000000 3.140000000000 4.5195289643516e-07
3.140000000000 3.150000000000 4.5734965736690e-07
3.150000000000 3.160000000000 4.6277662490305e-07
3.160000000000 3.170000000000 4.6823252596466e-07
3.170000000000 3.180000000000 4.7371662598582e-07
3.180000000000 3.190000000000 4.7922735674311e-07
3.190000000000 3.200000000000 4.8476392052702e-07
3.200000000000 3.210000000000 4.8244782500505e-07
3.210000000000 3.220000000000 4.8011617605776e-07
3.220000000000 3.230000000000 4.8557539702884e-07
3.230000000000 3.240000000000 4.9105799225120e-07
3.240000000000 3.250000000000 4.9656253619935e-07
3.250000000000 3.260000000000 5.0208799824664e-07
3.260000000000 3.270000000000 5.0763344888748e-07
3.270000000000 3.280000000000 5.1319797241033e-07
3.280000000000 3.290000000000 5.1878038433478e-07
3.290000000000 3.300000000000 5.2437956498839e-07
3.300000000000 3.310000000000 5.2999496656603e-07
3.310000000000 3.320000000000 5.3562509335486e-07
3.320000000000 3.330000000000 5.4126936351370e-07
3.330000000000 3.340000000000 5.4692668899517e-07
3.340000000000 3.350000000000 5.5259611203974e-07
3.350000000000 3.360000000000 5.5827664017271e-07
3.360000000000 3.370000000000 5.6396713691299e-07
3.370000000000 3.380000000000 5.6966704295264e-07
3.380000000000 3.390000000000 5.7537555631027e-07
3.390000000000 3.400000000000 5.8109135133236e-07
3.400000000000 3.410000000000 5.8681376187679e-07
3.410000000000 3.420000000000 5.9254197070171e-07
3.420000000000 3.430000000000 5.9827499387884e-07
3.430000000000 3.440000000000 6.0401211682436e-07
3.440000000000 3.450000000000 6.0975228576201e-07
3.450000000000 3.460000000000 6.1549503749572e-07
3.460000000000 3.470000000000 6.2123929495803e-07
3.470000000000 3.480000000000 6.2698427934103e-07
3.480000000000 3.490000000000 6.3272921225402e-07
3.490000000000 3.500000000000 6.3847345046140e-07
3.500000000000 3.510000000000 6.4421602038821e-07
3.510000000000 3.520000000000 6.4995616677877e-07
3.520000000000 3.530000000000 6.5569350952728e-07
3.530000000000 3.540000000000 6.6142716886206e-07
3.540000000000 3.550000000000 6.6715588339714e-07
3.550000000000 3.560000000000 6.7287996749415e-07
3.560000000000 3.570000000000 6.7859787371403e-07
3.570000000000 3.580000000000 6.8430945447812e-07
3.580000000000 3.590000000000 6.9001377602246e-07
3.590000000000 3.600000000000 6.9571012432920e-07
3.600000000000 3.610000000000 7.0139811420283e-07
3.610000000000 3.620000000000 7.0707695411046e-07
3.620000000000 3.630000000000 7.1274610011752e-07
3.630000000000 3.640000000000 7.1840509763740e-07
3.640000000000 3.650000000000 7.2405300809756e-07
3.650000000000 3.660000000000 7.2968958632793e-07
3.660000000000 3.670000000000 7.3531414836872e-07
3.670000000000 3.680000000000 7.4092620502398e-07
3.680000000000 3.690000000000 7.4652512069650e-07
3.690000000000 3.700000000000 7.5211033893517e-07
3.700000000000 3.710000000000 7.5768135648923e-07
3.710000000000 3.720000000000 7.6323789715491e-07
3.720000000000 3.730000000000 7.6877917640797e-07
3.730000000000 3.740000000000 7.7430474092909e-07
3.740000000000 3.750000000000 7.7981436303110e-07
3.750000000000 3.760000000000 7.8530743186206e-07
3.760000000000 3.770000000000 7.9078357665180e-07
3.770000000000 3.780000000000 7.9624218410247e-07
3.780000000000 3.790000000000 8.0168320314915e-07
3.790000000000 3.800000000000 8.0710587385283e-07
3.800000000000 3.810000000000 8.1250991473971e-07
3.810000000000 3.820000000000 8.1789504605860e-07
3.820000000000 3.830000000000 8.2326050897598e-07
3.830000000000 3.840000000000 8.2860627193316e-07
3.840000000000 3.850000000000 8.3393181971125e-07
3.850000000000 3.860000000000 8.3923695483634e-07
3.860000000000 3.870000000000 8.4452148101209e-07
3.870000000000 3.880000000000 8.4978443980352e-07
3.880000000000 3.890000000000 8.5502618056779e-07
3.890000000000 3.900000000000 8.6024627624991e-07
3.900000000000 3.910000000000 8.6544415758671e-07
3.910000000000 3.920000000000 8.7061956134991e-07
3.920000000000 3.930000000000 8.7577245989978e-07
3.930000000000 3.940000000000 8.8090236689918e-07
3.940000000000 3.950000000000 8.8600916779596e-07
3.950000000000 3.960000000000 8.9109230855384e-07
3.960000000000 3.970000000000 8.9615191041375e-07
3.970000000000 3.980000000000 9.0118765065918e-07
3.980000000000 3.990000000000 9.0619904423444e-07
3.990000000000 4.0 9.1118637435236e-07
4.0 4.010000000000 9.1614916233022e-07
4.010000000000 4.020000000000 9.2108700786200e-07
4.020000000000 4.030000000000 9.2599973902122e-07
4.030000000000 4.040000000000 9.3088748968742e-07
4.040000000000 4.050000000000 9.2620271463087e-07
4.050000000000 4.060000000000 9.2154098997967e-07
4.060000000000 4.070000000000 9.2635360523481e-07
4.070000000000 4.080000000000 9.3114150013690e-07
4.080000000000 4.090000000000 9.3590427850806e-07
4.090000000000 4.100000000000 9.4064222475734e-07
4.100000000000 4.110000000000 9.4535449000855e-07
4.110000000000 4.120000000000 9.5004173125674e-07
4.120000000000 4.130000000000 9.5470340332251e-07
4.130000000000 4.140000000000 9.5933912402641e-07
4.140000000000 4.150000000000 9.6394908896267e-07
4.150000000000 4.160000000000 9.6853343404911e-07
4.160000000000 4.170000000000 9.7309147230335e-07
4.170000000000 4.180000000000 9.7762348462698e-07
4.180000000000 4.190000000000 9.8212915489429e-07
4.190000000000 4.200000000000 9.8660854674122e-07
4.200000000000 4.210000000000 9.9106149599398e-07
4.210000000000 4.220000000000 9.9548805108315e-07
4.220000000000 4.230000000000 9.9988798680231e-07
4.230000000000 4.240000000000 1.0042612061714e-06
4.240000000000 4.250000000000 1.0086077730074e-06
4.250000000000 4.260000000000 1.0129275215024e-06
4.260000000000 4.270000000000 1.0172204354492e-06
4.270000000000 4.280000000000 1.0214865058532e-06
4.280000000000 4.290000000000 1.0257256366751e-06
4.290000000000 4.300000000000 1.0299378876066e-06
4.300000000000 4.310000000000 1.0341231735786e-06
4.310000000000 4.320000000000 1.0382813306728e-06
4.320000000000 4.330000000000 1.0424124868723e-06
4.330000000000 4.340000000000 1.0465164892646e-06
4.340000000000 4.350000000000 1.0505934580733e-06
4.350000000000 4.360000000000 1.0546432405980e-06
4.360000000000 4.370000000000 1.0586660314812e-06
4.370000000000 4.380000000000 1.0626617422268e-06
4.380000000000 4.390000000000 1.0666302169379e-06
4.390000000000 4.400000000000 1.0705716525790e-06
4.400000000000 4.410000000000 1.0744859607116e-06
4.410000000000 4.420000000000 1.0783729823389e-06
4.420000000000 4.430000000000 1.0822329840682e-06
4.430000000000 4.440000000000 1.0860660927600e-06
4.440000000000 4.450000000000 1.0898721451658e-06
4.450000000000 4.460000000000 1.0936510560966e-06
4.460000000000 4.470000000000 1.0974029484782e-06
4.470000000000 4.480000000000 1.1011280849281e-06
4.480000000000 4.490000000000 1.1048261682051e-06
4.490000000000 4.500000000000 1.1084974533399e-06
4.500000000000 4.510000000000 1.1121416471168e-06
4.510000000000 4.520000000000 1.1157592897968e-06
4.520000000000 4.530000000000 1.1193498716496e-06
4.530000000000 4.540000000000 1.1229139973525e-06
4.540000000000 4.550000000000 1.1264513699232e-06
4.550000000000 4.560000000000 1.1299621802536e-06
4.560000000000 4.570000000000 1.1334464727617e-06
4.570000000000 4.580000000000 1.1369042946936e-06
4.580000000000 4.590000000000 1.1403355576911e-06
4.590000000000 4.600000000000 1.1437405850488e-06
4.600000000000 4.610000000000 1.1471191430180e-06
4.610000000000 4.620000000000 1.1504716942465e-06
4.620000000000 4.630000000000 1.1537978730761e-06
4.630000000000 4.640000000000 1.1570979933224e-06
4.640000000000 4.650000000000 1.1603723107869e-06
4.650000000000 4.660000000000 1.1636204538124e-06
4.660000000000 4.670000000000 1.1668428113541e-06
4.670000000000 4.680000000000 1.1700393570768e-06
4.680000000000 4.690000000000 1.1732102662449e-06
4.690000000000 4.700000000000 1.1763553785161e-06
4.700000000000 4.710000000000 1.1794751434802e-06
4.710000000000 4.720000000000 1.1825694646328e-06
4.720000000000 4.730000000000 1.1856385172217e-06
4.730000000000 4.740000000000 1.1886820719145e-06
4.740000000000 4.750000000000 1.1917005033782e-06
4.750000000000 4.760000000000 1.1946940519712e-06
4.760000000000 4.770000000000 1.1976622878482e-06
4.770000000000 4.780000000000 1.2006059842803e-06
4.780000000000 4.790000000000 1.2035248395936e-06
4.790000000000 4.800000000000 1.2064188282389e-06
4.800000000000 4.810000000000 1.2092881842821e-06
4.810000000000 4.820000000000 1.2121331404226e-06
4.820000000000 4.830000000000 1.2149536689929e-06
4.830000000000 4.840000000000 1.2177500038503e-06
4.840000000000 4.850000000000 1.2205219713134e-06
4.850000000000 4.860000000000 1.2232700793151e-06
4.860000000000 4.870000000000 1.2259941530586e-06
4.870000000000 4.880000000000 1.2286941572230e-06
4.880000000000 4.890000000000 1.2313705904198e-06
4.890000000000 4.900000000000 1.2340234153066e-06
4.900000000000 4.910000000000 1.2366524650154e-06
4.910000000000 4.920000000000 1.2392582262195e-06
4.920000000000 4.930000000000 1.2418405309990e-06
4.930000000000 4.940000000000 1.2443997369408e-06
4.940000000000 4.950000000000 1.2469360706757e-06
4.950000000000 4.960000000000 1.2494489628162e-06
4.960000000000 4.970000000000 1.2519391659590e-06
4.970000000000 4.980000000000 1.2544065048497e-06
4.980000000000 4.990000000000 1.2568514655777e-06
4.990000000000 5.0 1.2592736102374e-06
5.0 5.010000000000 1.2616734232345e-06
5.010000000000 5.020000000000 1.2640508642991e-06
5.020000000000 5.030000000000 1.2664061459052e-06
5.030000000000 5.040000000000 1.2687394873515e-06
5.040000000000 5.050000000000 1.2710505840329e-06
5.050000000000 5.060000000000 1.2733400416295e-06
5.060000000000 5.070000000000 1.2756076846209e-06
5.070000000000 5.080000000000 1.2778538588933e-06
5.080000000000 5.090000000000 1.2800783859002e-06
5.090000000000 5.100000000000 1.2822816097911e-06
5.100000000000 5.110000000000 1.2844634806612e-06
5.110000000000 5.120000000000 1.2866242116172e-06
5.120000000000 5.130000000000 1.2887640094228e-06
5.130000000000 5.140000000000 1.2908829563367e-06
5.140000000000 5.150000000000 1.2929808748471e-06
5.150000000000 5.160000000000 1.2950584829761e-06
5.160000000000 5.170000000000 1.2971152224554e-06
5.170000000000 5.180000000000 1.2991516808498e-06
5.180000000000 5.190000000000 1.3011678042181e-06
5.190000000000 5.200000000000 1.3031636738735e-06
5.200000000000 5.210000000000 1.3051394904832e-06
5.210000000000 5.220000000000 1.3070953289157e-06
5.220000000000 5.230000000000 1.3090312635840e-06
5.230000000000 5.240000000000 1.3109476247093e-06
5.240000000000 5.250000000000 1.3128443556271e-06
5.250000000000 5.260000000000 1.3147214047931e-06
5.260000000000 5.270000000000 1.3165793480723e-06
5.270000000000 5.280000000000 1.3184178793896e-06
5.280000000000 5.290000000000 1.3202373198115e-06
5.290000000000 5.300000000000 1.3220378700459e-06
5.300000000000 5.310000000000 1.3238193426628e-06
5.310000000000 5.320000000000 1.3255820585136e-06
5.320000000000 5.330000000000 1.3273262160758e-06
5.330000000000 5.340000000000 1.3290516272034e-06
5.340000000000 5.350000000000 1.3307588652472e-06
5.350000000000 5.360000000000 1.3324476183141e-06
5.360000000000 5.370000000000 1.3341180755160e-06
5.370000000000 5.380000000000 1.3357706814910e-06
5.380000000000 5.390000000000 1.3374052486982e-06
5.390000000000 5.400000000000 1.3390218416462e-06
5.400000000000 5.410000000000 1.3406208996196e-06
5.410000000000 5.420000000000 1.3422022344286e-06
5.420000000000 5.430000000000 1.3437660329869e-06
5.430000000000 5.440000000000 1.3453123597072e-06
5.440000000000 5.450000000000 1.3468415214017e-06
5.450000000000 5.460000000000 1.3483535808566e-06
5.460000000000 5.470000000000 1.3498485959355e-06
5.470000000000 5.480000000000 1.3513265054657e-06
5.480000000000 5.490000000000 1.3527876132598e-06
5.490000000000 5.500000000000 1.3542322283817e-06
5.500000000000 5.510000000000 1.3556599125668e-06
5.510000000000 5.520000000000 1.3570713402056e-06
5.520000000000 5.530000000000 1.3584662001065e-06
5.530000000000 5.540000000000 1.3598450368439e-06
5.540000000000 5.550000000000 1.3612075434502e-06
5.550000000000 5.560000000000 1.3625540181019e-06
5.560000000000 5.570000000000 1.3638845158633e-06
5.570000000000 5.580000000000 1.3651992110920e-06
5.580000000000 5.590000000000 1.3664982838252e-06
5.590000000000 5.600000000000 1.3677815421337e-06
5.600000000000 5.610000000000 1.3690494061089e-06
5.610000000000 5.620000000000 1.3703018024504e-06
5.620000000000 5.630000000000 1.3715390300267e-06
5.630000000000 5.640000000000 1.3727610169778e-06
5.640000000000 5.650000000000 1.3739679376219e-06
5.650000000000 5.660000000000 1.3751598404849e-06
5.660000000000 5.670000000000 1.3763368964874e-06
5.670000000000 5.680000000000 1.3774990370437e-06
5.680000000000 5.690000000000 1.3786466706140e-06
5.690000000000 5.700000000000 1.3797797274978e-06
5.700000000000 5.710000000000 1.3808982540462e-06
5.710000000000 5.720000000000 1.3820024224540e-06
5.720000000000 5.730000000000 1.3830925133768e-06
5.730000000000 5.740000000000 1.3841682207797e-06
5.740000000000 5.750000000000 1.3852299461964e-06
5.750000000000 5.760000000000 1.3862777376085e-06
5.760000000000 5.770000000000 1.3873117598297e-06
5.770000000000 5.780000000000 1.3883319388390e-06
5.780000000000 5.790000000000 1.3893384366550e-06
5.790000000000 5.800000000000 1.3903315373492e-06
5.800000000000 5.810000000000 1.3913109305440e-06
5.810000000000 5.820000000000 1.3922772490745e-06
5.820000000000 5.830000000000 1.3932306321875e-06
5.830000000000 5.840000000000 1.3941708062700e-06
5.840000000000 5.850000000000 1.3950991565318e-06
5.850000000000 5.860000000000 1.3960173633050e-06
5.860000000000 5.870000000000 1.3969300764001e-06
5.870000000000 5.880000000000 1.3978474327008e-06
5.880000000000 5.890000000000 1.3987922763097e-06
5.890000000000 5.900000000000 1.3998135450285e-06
5.900000000000 5.910000000000 1.4010093964419e-06
5.910000000000 5.920000000000 1.4025703036695e-06
5.920000000000 5.930000000000 1.4048447689551e-06
5.930000000000 5.940000000000 1.4084399240348e-06
5.940000000000 5.950000000000 1.4143547766058e-06
5.950000000000 5.960000000000 1.4241405319589e-06
5.960000000000 5.970000000000 1.4400593730254e-06
5.970000000000 5.980000000000 1.4651868199621e-06
5.980000000000 5.990000000000 1.5033844838451e-06
5.990000000000 6.0 1.5570082343593e-06
6.0 6.010000000000 1.6324878326778e-06
6.010000000000 6.020000000000 1.7353575543808e-06
6.020000000000 6.030000000000 1.8650764036332e-06
6.030000000000 6.040000000000 2.0199921623458e-06
6.040000000000 6.050000000000 2.1943887514178e-06
6.050000000000 6.060000000000 2.3781746938970e-06
6.060000000000 6.070000000000 2.5574465008317e-06
6.070000000000 6.080000000000 2.7160223839548e-06
6.080000000000 6.090000000000 2.8377749822311e-06
6.090000000000 6.100000000000 2.9093188806988e-06
6.100000000000 6.110000000000 2.9224420348065e-06
6.110000000000 6.120000000000 2.8756706283498e-06
6.120000000000 6.130000000000 2.7745545333328e-06
6.130000000000 6.140000000000 2.6305992169493e-06
6.140000000000 6.150000000000 2.4591249339059e-06
6.150000000000 6.160000000000 2.2766067586063e-06
6.160000000000 6.170000000000 2.0981282224568e-06
6.170000000000 6.180000000000 1.9354814013575e-06
6.180000000000 6.190000000000 1.7961978992585e-06
6.190000000000 6.200000000000 1.6835259286505e-06
6.200000000000 6.210000000000 1.5971322384606e-06
6.210000000000 6.220000000000 1.5341995255605e-06
6.220000000000 6.230000000000 1.4905896868370e-06
6.230000000000 6.240000000000 1.4618276743101e-06
6.240000000000 6.250000000000 1.4437856529962e-06
6.250000000000 6.260000000000 1.4330490922039e-06
6.260000000000 6.270000000000 1.4270268890293e-06
6.270000000000 6.280000000000 1.4238914563943e-06
6.280000000000 6.290000000000 1.4224361039510e-06
6.290000000000 6.300000000000 1.4219101303514e-06
6.300000000000 6.310000000000 1.4218721795810e-06
6.310000000000 6.320000000000 1.4220767083544e-06
6.320000000000 6.330000000000 1.4223936137789e-06
6.330000000000 6.340000000000 1.4227577338444e-06
6.340000000000 6.350000000000 1.4231376412557e-06
6.350000000000 6.360000000000 1.4235191542119e-06
6.360000000000 6.370000000000 1.4238960570917e-06
6.370000000000 6.380000000000 1.4242658907073e-06
6.380000000000 6.390000000000 1.4246276044379e-06
6.390000000000 6.400000000000 1.4249809036608e-06
6.400000000000 6.410000000000 1.4253257922777e-06
6.410000000000 6.420000000000 1.4256622893086e-06
6.420000000000 6.430000000000 1.4259903055922e-06
6.430000000000 6.440000000000 1.4263099757995e-06
6.440000000000 6.450000000000 1.4266214356845e-06
6.450000000000 6.460000000000 1.4269247080981e-06
6.460000000000 6.470000000000 1.4272197035672e-06
6.470000000000 6.480000000000 1.4275067780915e-06
6.480000000000 6.490000000000 1.4277857328301e-06
6.490000000000 6.500000000000 1.4280568090550e-06
6.500000000000 6.510000000000 1.4283199183043e-06
6.510000000000 6.520000000000 1.4285751957222e-06
6.520000000000 6.530000000000 1.4288227694263e-06
6.530000000000 6.540000000000 1.4290626620570e-06
6.540000000000 6.550000000000 1.4292947832441e-06
6.550000000000 6.560000000000 1.4295195940659e-06
6.560000000000 6.570000000000 1.4297365669145e-06
6.570000000000 6.580000000000 1.4299463792436e-06
6.580000000000 6.590000000000 1.4301486116914e-06
6.590000000000 6.600000000000 1.4303435045819e-06
6.600000000000 6.610000000000 1.4305312972629e-06
6.610000000000 6.620000000000 1.4307117861216e-06
6.620000000000 6.630000000000 1.4308851042207e-06
6.630000000000 6.640000000000 1.4310511603824e-06
6.640000000000 6.650000000000 1.4312105154402e-06
6.650000000000 6.660000000000 1.4313626476544e-06
6.660000000000 6.670000000000 1.4315077898840e-06
6.670000000000 6.680000000000 1.4316462870018e-06
6.680000000000 6.690000000000 1.4317778318688e-06
6.690000000000 6.700000000000 1.4319026589259e-06
6.700000000000 6.710000000000 1.4320206777692e-06
6.710000000000 6.720000000000 1.4321322298123e-06
6.720000000000 6.730000000000 1.4322370085447e-06
6.730000000000 6.740000000000 1.4323353545950e-06
6.740000000000 6.750000000000 1.4324271770377e-06
6.750000000000 6.760000000000 1.4325126001955e-06
6.760000000000 6.770000000000 1.4325916405508e-06
6.770000000000 6.780000000000 1.4326642072682e-06
6.780000000000 6.790000000000 1.4327306384194e-06
6.790000000000 6.800000000000 1.4327908441007e-06
6.800000000000 6.810000000000 1.4328448372159e-06
6.810000000000 6.820000000000 1.4328927433869e-06
6.820000000000 6.830000000000 1.4329345750889e-06
6.830000000000 6.840000000000 1.4329703506511e-06
6.840000000000 6.850000000000 1.4330001904239e-06
6.850000000000 6.860000000000 1.4330241093405e-06
6.860000000000 6.870000000000 1.4330421222709e-06
6.870000000000 6.880000000000 1.4330542454737e-06
6.880000000000 6.890000000000 1.4330607044712e-06
6.890000000000 6.900000000000 1.4330614073123e-06
6.900000000000 6.910000000000 1.4330564742345e-06
6.910000000000 6.920000000000 1.4330458133648e-06
6.920000000000 6.930000000000 1.4330295460541e-06
6.930000000000 6.940000000000 1.4330077903110e-06
6.940000000000 6.950000000000 1.4329805596103e-06
6.950000000000 6.960000000000 1.4329478673687e-06
6.960000000000 6.970000000000 1.4329099390175e-06
6.970000000000 6.980000000000 1.4328664701582e-06
6.980000000000 6.990000000000 1.4328176860032e-06
6.990000000000 7.0 1.4327635980298e-06
